# Dimensions (x, y, z)
d  32 32 3

# Paths: Sources (x, y, z) -> Destinations (x, y, z)
p    27  24 1     8  16 1
p    25   9 1    18  29 1
p     9  24 1     8  29 2
p    25  28 0    23  28 2
p    15   3 1    19  29 2
p    15  27 0    25  17 0
p    23  12 2    21   0 1
p    27   7 0    27   6 1
p     7  30 2    14   2 0
p    16  29 0    17  22 1
p    26  17 2    19  18 1
p    19  12 1     9   6 0
p    19  21 1     2  24 2
p    29  26 2    29  17 1
p    22   8 2    27  28 1
p    30  18 1    21  31 2
p    25   2 1    15  20 2
p     7  23 0     7  25 0
p    26   3 0    22   1 1
p    29  17 2     0  20 1
p    18  12 1    31   1 0
p    30   5 0     6  25 2
p     0  13 0     8   7 1
p    11   5 1     1   3 2
p     6  11 2    26  29 0
p    21  30 0    21  27 1
p     8  19 1     5  15 1
p    18  16 0    11  26 0
p    17   0 2    10   1 0
p     7  30 1     9  11 2
p    20  19 2    12  13 1
p     0   6 1     7  20 1
p    28  18 1    12  22 1
p    21   1 1     8   5 1
p    15  17 2    28  15 0
p    14  25 2    25   6 2
p    20   2 2    31  12 2
p    10   6 2     0  26 1
p     3   3 1    27   8 2
p     3  27 1     2   8 1
p    25  27 0    16  20 1
p    27   8 0     1  21 1
p    30  30 2     1  23 2
p    20  22 2    20  11 1
p     6  18 0     4  10 2
p    22  10 1     1   5 2
p     9  12 1     9  15 0
p     1   5 1     2  12 0
p    13   3 2    15  26 2
p    10  15 2    13   9 2
p    28  29 1    12  31 1
p     2   2 2     1   0 1
p    16  14 1    18  21 1
p    11  31 0    24  13 1
p     2  27 2    28  14 2
p     3  12 0     1  30 0
p     4   6 1    17   4 2
p    31   4 1    21  28 1
p    29  10 1    15  21 0
p    19   7 1    30  28 2
p     1   4 0    25  26 1
p    22  25 0     2  27 0
p     7   1 0    27  10 0
p     4  20 2    16  28 1
p    18  21 2    24  31 2
p    28   6 1    19  26 1
p    25  12 1    27  25 1
p     0   5 1     8   2 2
p    30   9 1    25   1 1
p     4   9 2     1   1 1
p    15  27 2    21   4 2
p    13  19 1     1  15 0
p     1  19 1     3  17 1
p    12  24 1    28  19 1
p    20  10 0    21  19 2
p     4  29 2    29  27 2
p    25  16 2     6  25 1
p    24  14 2     2   1 2
p    15  28 2    21  18 0
p     2  26 2    24  22 1
p     9   3 1    18  29 2
p    13   3 2    23   0 1
p    21   0 2    30  23 0
p     2  11 0    11   0 2
p    26   2 2     6   6 2
p    30   3 0    11   0 1
p    27   5 0    11  30 0
p    30  11 1     9  29 2
p    20   5 2     3  18 0
p    28  30 2    10   7 2
p     9  13 0     4   0 0
p     2  13 1    23   4 1
p    20   2 1    11  30 0
p    13  13 2    10   6 0
p    15  30 2     8  17 2
p    25  14 1    24  13 0
p    14  29 0    14  20 1
p     6   0 2    19   0 0
p    24  20 1     4  22 1
p    21  24 0    24   8 2
p     3  28 0     8  16 1
p    12   3 0     9  24 2
p    19   1 2     9  10 1
p     7  29 0    13   9 1
p    18  20 1    13  20 1
p    24  25 0    11  20 0
p    22  12 1     4  21 1
p    15  13 1    22  10 1
p     1   9 2     1  19 0
p    15  28 0    16   2 2
p    21  23 2     0   1 1
p    31  27 2    23   7 2
p     9   3 1    10   5 1
p    28  13 1    22  16 0
p    29  14 2    12  25 1
p     7   6 2    18   1 1
p     7   2 0     1  20 0
p    19  19 2    16   9 2
p    11  14 1    16  30 2
p    29  29 1    15  22 0
p     8   1 0     0  20 0
p    25  21 2    12  29 1
p    10   3 2    25  10 1
p    10   0 0    11   6 1
p     6   6 2    23   9 2
p     8  11 2     1  29 0
p    14  23 0    25  31 1
p     3   2 0    24  13 2
p    14   2 1    24  26 0
p     5  15 0    27  29 0
p    13  17 0    17   6 0
p    14  19 1     8   7 0
p    25   3 2     7   9 2
p    21  23 1    27   3 1
p     3  23 1    21  22 1
p     7  26 0    16  21 0
p    20   9 0    25  17 0
p    18   0 0    12  31 1
p     2  24 2    24  18 2
p     6  23 2    24  11 1
p    20  28 0    26  16 1
p    14   0 0    20  21 1
p    30  15 0    27   8 1
p    22  26 2    12   1 0
p    23  30 1    14  23 1
p     8  21 0    11  17 2
p     4   0 1     0   1 0
p    20   2 0    31  13 2
p     6  13 1     5  10 2
p    23  12 1     8  17 2
p    21  14 0    29  13 1
p     0   4 2    16  23 0
p    10  26 2     7   0 2
p     5  25 2     5   2 2
p    19  19 1     4  19 0
p    25  23 0    29   1 0
p     9   4 0    11  23 1
p     8  15 1     9  28 1
p    31  24 1     8  21 1
p    23  12 1     0  23 0
p    21  18 2     9  21 0
p    16  10 2    31   6 1
p    10  30 2    18  23 2
p    11  29 2    10  23 0
p    26  18 2    11  20 0
p    25  19 2     0   4 0
p     4  29 2    15  30 2
p    24  23 0    17  13 2
p     5   5 1     5   3 1
p    25  19 2     8   9 1
p    31  22 2    17  17 2
p     6  25 2    27  24 0
p    21  29 1    11  30 1
p    13  19 2     7   0 1
p    30  21 1    20  15 2
p     7  28 0    30  29 0
p    14  23 1    16  25 2
p    30   5 2    29  20 2
p     8  28 2    19   2 0
p     0   8 2    12  24 1
p    12  28 0    14  26 0
p    22  10 0    15  16 0
p    18  11 0     6   3 1
p     1  29 2    30  10 2
p    31  24 0    21  19 1
p     9   1 0     4  15 1
p    24   1 2     1  17 2
p    20  30 1    18   2 1
p    26   6 0    22   8 0
p    29  31 0    28  17 0
p    18  20 0    24  26 0
p    20  14 0    14   5 1
p    20  15 1    17  26 1
p    26   2 1    11  14 2
p    16  31 2     3  10 0
p    23   0 2     6  13 0
p     9  12 0    24  22 1
p    26   2 0    11  28 2
p    21  18 2    13   0 2
p     6  12 1     3  11 0
p    19  20 0    14  17 2
p    15   2 0    27  25 2
p     8  20 0    26  10 2
p    15   1 2    20   9 0
p    12   5 1     4   5 2
p    20   7 2    19  30 1
p    28  21 0     7   9 0
p     7   7 2    14  28 0
p    18   0 2     0  12 2
p    31   0 2    16   1 2
p     3  19 2    21  12 0
p    13  29 0     7   4 1
p    17   2 1    21  30 1
p    13  15 0    12  20 1
p    18  26 2    28  11 0
p    19  15 0     1  10 2
p    30   3 2     1  22 0
p    13  27 1    29  22 1
p     5  10 1    18  31 0
p    16  29 1    20  24 1
p    24   6 2     5  18 0
p    20   9 1    21   8 2
p    11   4 1     5  13 1
p     2  22 2    24  17 1
p     5   6 0    16  26 1
p    28  23 2    10   3 2
p    27  13 2    28  10 1
p    10  22 2    31  23 0
p    28  31 1    30  16 2
p    31  26 2     4   0 1
p    22  29 1    22  20 0
p    20  31 0    22  19 1
p    25   0 2    26  15 0
p    14  18 0    15  24 2
p    17  26 0    27  29 0
p    26  27 2    16  19 0
p    22  12 0     4  12 2
p    18  29 2     2  18 1
p    16  14 1     3  26 1
p    20  15 0    17   5 2
p    26   4 0     2  12 2
p    17   8 0     3   4 2
p     4  27 2     4  17 0
p    27  17 2    15  22 2
p    17  27 1     3   0 0
p    26   9 0    15  30 1
p    10   2 1     7  11 1
p    24   7 2    23  15 2
p    11  12 0    24  12 1
p    15  20 1    29  13 1
p    12  24 2    27  15 0
p    14  11 0     5  30 1
p     3  12 1    16  31 2
p    18  19 2    16  15 0
p    21   2 0    28   7 2
p    31  18 0     2   6 0
p     3  25 1     7   1 1
p     0   3 1    29   6 2
p     6   0 2    27   2 0
p     7  29 1    25  13 1
p    24  19 0    18  22 2
p    21  20 1     2  30 2
p     8  22 1    21  12 1
p    21   6 1     3   3 2
p     3  28 1    14  10 1
p    12  18 1    26   7 0
p    15  29 0    23   0 1
p    24  14 1     8  15 0
p     9  20 1    29  31 1
p     2   9 1    21  30 0
p     1  27 2    24  14 2
p    13   6 1    25  25 2
p    28  21 1    23   5 2
p    22  19 1    20  19 2
p    18   6 1     7  28 2
p    17   6 0     4  14 2
p     7  21 2    24  13 1
p    31  28 1    21   5 1
p    11  14 1    21  27 1
p     4  24 2    30  12 1
p    17  28 2     0   6 2
p    18  27 1     6   0 2
p     4  20 1    12  17 0
p    31  15 0    13  24 0
p    23  24 0    30   0 2
p    16   4 0    18   8 2
p     7  12 1    10  26 0
p     2   4 1    18   2 2
p    15  10 2     0  13 1
p    30  24 2     3  13 0
p     8  12 1    11  25 0
p    26  17 1    17   5 1
p     0  27 0    11  31 1
p    13  25 0    18  16 2
p    18  15 1    25  11 1
p    22  31 2    30  12 1
p    23  11 0    31  11 2
p    27   6 2    31   8 1
p    24   2 2     9  22 2
p     1  19 0     3  22 2
p    16  11 1    13  17 1
p     2  31 2     5   7 1
p    22   1 2    20   8 2
p    21  10 1    31   1 2
p    27  22 0    19  25 1
p    18   8 0    25  15 1
p     3  11 1     7  25 1
p     7   9 2    28  30 0
p    24  16 0     7   9 1
p    15  29 0    22  27 1
p     7   7 0     4  17 0
p     0   7 2    13  28 2
p     7  17 2    18   5 0
p    31   9 2    25  23 2
p    25  27 0     5  16 0
p    17  15 0     2   0 2
p     2  30 2    23  14 0
p    13  11 1    23  28 0
p     7   6 0    27  16 0
p    14  14 2    24   4 1
p    16   0 0    21  11 2
p    16  22 0    15  23 2
p     6  12 1    14  15 0
p    25  29 1    20  12 1
p    22  16 2    24  26 0
p     6  16 1    25  16 2
p    24  16 2    15  10 1
p    14  20 0    23  30 1
p     2   6 0     8  25 0
p    27  30 0     5  30 1
p    25   0 2     0  19 2
p    26   9 2    12  15 1
p    11  18 2    22  24 0
p    17  11 0    29   6 0
p     5  21 1    16  18 2
p    27  28 0    28   1 1
p    29  16 1    10  29 2
p    19  22 1     4  31 1
p     8  31 1    10  28 0
p    25   5 0     8  22 1
p    13   5 2    24  21 2
p    24   3 2    26  23 1
p    21   3 2     8  25 1
p    16  17 0     1   0 2
p     4   3 1    31  28 0
p    26   2 1    18  31 0
p    13  29 0    19  12 1
p    22  13 2    30  31 0
p    26  28 0    30   4 0
p    30  26 1     9   8 1
p     0  20 0    24   2 0
p     9  24 2    16  30 0
p    10  23 0     4  18 0
p    11   8 0    15  17 0
p    10  12 1    15  13 0
p     7  20 2    16   4 0
p     4  12 1    21  16 1
p    11  21 2    12  26 2
p    28  14 1    24   1 1
p    31  10 1     7   2 0
p    13  19 1    16   3 0
p    11  30 0     8  15 2
p    30   0 1     7  20 2
p    28  21 2    25   5 0
p    23  16 2     5  12 0
p    28  15 2    22  31 1
p    31   5 1    18  31 1
p    27  20 1    12  11 0
p     6  30 1    27  28 2
p     7  10 1    10   4 2
p    17  17 2     3  29 1
p    22  19 1    22   2 1
p     6  12 1    11  13 2
p     1  30 1     5  17 0
p    16  22 1    10  21 2
p    27  12 2     3   1 2
p    24  19 1     9  28 2
p    15   7 2    23  31 2
p     2  31 2    18  10 2
p    19   3 1     0  25 2
p    23   2 1    12   4 2
p    30  29 1    27   6 0
p    29  18 0     4   7 1
p     9  23 0     2  28 1
p    31   5 2     0  17 1
p     4  26 0    28  22 2
p    27  25 2     0   4 0
p    18   0 0    15   1 0
p     7   5 0    28   7 1
p    23  21 0    11   8 1
p    31   6 1     2  12 2
p    29   3 2    22  29 1
p    13  28 1    24   5 0
p    14  10 1    11  27 2
p    12   4 2    17   4 0
p    19  16 1    13  14 1
p     2  17 0    21  23 0
p     6   7 1    13  28 1
p    16   6 0    29   3 0
p     6  18 1    13  12 1
p     8  25 1    19   0 1
p    24   6 1    31  14 1
p     6   0 0    15  19 2
p     9  10 2    21  22 2
p     2   3 1    19  20 0
p     4  29 0     0   9 1
p    20  23 0    16  10 2
p    11  25 0    31  16 1
p    23  12 0    14   9 1
p    16  26 1     4   4 1
p     8   6 2     4  29 1
p    29  26 0    15   2 1
p    29   3 0     1  27 2
p    18  14 0    18  22 2
p     5  20 2    18  23 1
p    30  20 1     0   4 1
p    24   4 1     4  24 2
p    19   2 0     8  14 2
p    18  31 2     4  31 0
p    10  20 1     0   9 0
p    24  18 0    27   6 0
p    27  24 1    16  31 2
p    22  20 2    29   9 1
p    20   7 1    28   9 1
p    14  12 1     1  24 0
p    19  13 1    18  16 0
p     0   3 1     8  15 1
p    16   4 1    30   5 0
p    10  22 2     3   0 0
p    19  29 0    24   4 1
p     7  24 2    14  21 1
p    27  13 1    31  17 1
p     3  30 1    22  20 0
p    20   3 0    26  19 0
p    16  17 2     0   4 0
p    24  14 0    11  21 1
p    17  30 1     3   3 2
p     9   3 2    28   3 1
p    23   7 2    21  14 0
p     8  26 0    22  18 1
p     0   3 0    20  12 0
p    12  14 1    17  11 1
p    25  18 2    19   9 1
p    15  27 2    28  22 0
p     8   5 2    28  10 0
p    15  25 2    21   0 0
p    23  26 0    26  30 1
p    17   1 1    14  30 1
p     0  18 0    31  21 2
p    22  30 1     8   2 0
p    15  23 2     0  19 2
p    27  24 1    22  22 0
p     1  11 1    12  20 2
p    24   9 2    17  20 1
p    21   4 2    13  30 2
p    31  31 2    18  19 1
p    11  13 2    20   5 0
p    14  14 0     7  10 1
p    19   4 2    15   2 0
p    30   1 1     5  20 2
p    29  13 1     9  14 2
p     1  15 2     3   3 2
p     9  25 0     1  26 0
p    14   1 1    26   7 2
p    20  17 0    28  13 0
p    29  11 0     1   1 0
p    27  27 1     2   4 2
p    17  25 0     2  24 0
p    26  29 1     3  22 1
p    16  28 1     4  11 2
p    16   2 1     1  28 0
p    23  31 2    16  10 2
p    17  29 0    22   4 1
p    24  11 0    11  11 0
p     4  23 2    20   4 0
p    15  15 0    30  26 2
p     5  21 2    10  31 0
p    25   4 0     6   3 2
p     7  25 2    30  24 2
p    17   1 0    12  30 1
p     8  25 2     1  31 2
p    31  20 0    21   7 2
p    29  27 2     8  29 2
p    20   5 0    18  18 1
p    26  21 0     0  19 0
p    28   7 1     6  30 1
p    24  28 1    17  14 1
p    10  26 1    24   0 1
p    15  28 2    23  20 2
p    23  20 2    24   0 2
p     6  23 1    12   4 1
p    31  26 2    20   6 0
p    29  29 0    29  23 0
p     4   5 0    28  13 1
p    13  14 0    10   8 0
p    19   0 2    16  16 1
p    23  24 2    30  13 0
p    25  22 0    15  25 2
p    11  15 1    23  22 1
p     5  18 0    11   9 0
p     3  25 1     4  29 0
p    14  22 0    25  27 1
p    22  23 2    24  11 1
p    12  17 2     3  28 1
p     4  29 0     0  15 1
p     1  20 1    18   2 1
p     4  14 1    10  28 1
p     3  21 2    11  24 1
p    15  12 0    13   8 1
p    21  28 0    25  24 1
p     6   2 0    10   9 2
p    10   5 2    22  25 1
p     3  18 1    10   2 0
p     8  11 2     3  12 2
p     9  27 2     6  20 1
p     5  17 1     7  22 2
p    28   3 1     2  14 1
p    22   1 0    20  26 1
p     3   2 1     6  23 0
p    26  28 1    22  24 1
p    20  12 2     5   5 2
p     6  16 2    11  23 2
p    21   2 1    25  31 1
p     1  11 1    29   2 2
p    14   3 2     3   4 0
p    17  21 2    18  20 1
p    16  21 0     9  19 1
p     5   6 1    26   9 0
p     1  16 1    19  17 1
p    27  10 2     7  10 1
p    16  23 0    23  25 0
p    17   0 0    27   1 2
p    21  24 2    24  23 2
p    11  12 1    16  21 1
p    13  12 0    23  18 2
p    23  13 2     2  20 2
p    28  10 0     9  28 1
p    13  10 0    27  14 1
p    12  10 1    28   8 2
p     6  29 1     9  13 2
p    27  26 0    30  15 2
p     5  30 0    27   8 2
p     5  27 1     3  29 1
p     5  26 0     1  23 0
p    23   3 2     4  18 1
p    11   3 1    10  28 0
p     7  19 1     9   4 2
p     3  28 2     4  29 0
p    25  10 1    22  17 2
p    12   1 1    28  25 2
p    18  10 1    15   7 2
p     1  10 2    17  30 0
p    25  20 2    23  31 1
p    23  27 2    25  26 0
p     9  12 0    28  25 0
p    26  10 1    15  14 1
p    29  13 0    27  30 2
p     5  13 2    27  27 2
p    20   4 1    30   4 2
p    11  18 2     2   3 1
p    28  31 1     6  25 1
p     8  18 1    16  31 0
p    27  13 2    28  23 1
p    16  19 1    22  27 1
p    30  18 0     5  23 0
p    25  30 1    12   9 0
p    31  26 2     0  30 2
p    26  29 1     2  18 1
p     6  23 2    22  25 2
p    25   5 1    19  27 1
p     8  17 1     0   1 0
p    15  21 1    18  31 0
p    11  17 2    28  19 1
p    28  25 1     0  13 0
p    30  26 1     3  18 1
p    23  26 1    26   0 0
p    13  14 2     5  18 1
p    20   0 0     2  12 1
p    23  20 0    27  12 2
p     5  12 2    20  16 2
p    25  19 2    13  16 1
p    26   6 1     5   6 0
p     3  24 0     9   4 1
p    13   1 1    25  24 2
p    27  15 2    25  13 1
p    17  14 1    26  29 1
p    16   6 1     7  23 1
p     4   5 0     3  19 1
p    16  25 1     8  24 1
p     1   6 1    19  24 2
p    24  24 1     6  21 2
p     8  11 0    31  22 1
p     6  10 0    26   6 1
p    17   8 0    30  28 0
p    17   1 1     3  25 0
p     9   2 2    16  13 1
p     5  25 0    27  23 0
p    15   9 2    27  17 2
p     2  25 1     8  10 2
p     3  31 1    20  16 0
p    24  12 1    26   9 0
p     1  22 0    18   2 0
p    12   9 0    30  30 2
p    31  29 1    12  23 1
p     7  24 0    20  30 1
p     4  11 1    13   4 1
p    28  31 0    21   0 0
p    16  19 0    23  28 2
p     3  21 1    22  29 0
p    28   2 0    29   8 2
p     7  18 1    23  23 2
p    25  14 0    21  14 2
p    31  10 1    10  10 0
p    11  11 1    30  12 0
p    30  18 0    25   0 2
p     3   0 0    26   1 2
p     9   6 1     7  18 2
p    21  10 1    20   0 1
p    20  12 0    29   0 2
p     5  31 2     2  24 2
p    27  15 0    25  23 1
p    31  24 1    29  16 2
p     1   4 0     7   4 0
p    17  18 2    19  14 1
p     0  19 1    20  30 2
p     6  19 1    21  19 2
p    14  18 2     8  21 2
p    26  18 2    30  16 1
p     3  18 0    22  22 2
p    23  25 2    31  10 1
p    17  18 2    29   0 0
p    14  16 2    15   7 2
p    16  25 0    30  12 1
p    15  10 2    18  19 1
p     9  10 0    12   8 1
p    19  21 2     7   5 2
p    14  15 0    21   5 0
p     8  30 0     1  21 0
p     9  15 1     9  29 2
p    20   2 2    26  25 2
p     5  28 0     8   0 0
p    11   7 2     1  14 1
p    27  26 0    21  14 0
p    22  14 2    23  17 0
p     4   0 1    21  26 0
p     2  15 1    10   1 1
p    14  22 2    12   1 2
p     6  23 1     0  23 2
p     4  22 1    17  13 1
p     5  11 2    27  23 1
p     7   0 2    24  30 0
p    31  10 1     0  25 2
p    30   4 0    17  13 0
p     9  24 2     7  29 1
p    24  10 2    21  11 0
p     6  30 1    25   6 1
p    19  30 1    29  10 1
p    20   3 0     8   8 0
p    13   3 0    27   5 1
p     2  25 0    21  26 1
p     6   5 1    19  21 1
p     7   0 0    14  31 1
p    31  26 2     9  22 1
p    27  19 1    30  26 1
p    13  12 1     9   5 2
p     3  19 0    27   7 0
p     0  28 2    10  27 1
p     7  18 0    22   8 1
p    27  19 2     7   0 2
p    19   4 0    30  18 1
p    24  28 1    26  27 2
p    15  28 2    15  22 0
p    23  12 2    11  25 0
p    15  12 2     7  26 2
p    30  22 1    30   1 2
p    23   6 0    27   3 0
p     4   6 0    11  27 1
p     5   3 2     8   9 0
p     8  30 1    13  10 1
p    16   8 0    17  17 0
p    10  13 1    10  21 2
p     3  13 2    18  27 2
p    17  28 2     4   0 1
p    11   0 2    16  31 2
p    25  12 2    22   3 1
p     6  20 1     1  28 2
p    20   6 1    22   3 0
p     2  29 2     4   7 1
p    31   6 2    13  27 0
p    16  13 2    30   3 2
p    11  28 2    31  16 1
p     6   1 2     3  13 0
p     1  10 0     9  31 0
p    25  25 0    12   4 0
p     4   4 2     1  15 1
p    13   7 1     3   5 0
p    14   6 1     8  15 2
p    21  19 2    12  13 1
p     4  19 1    25  19 1
p    27   8 0    27  31 0
p     7  18 0    26  13 2
p     0  25 1     0   1 1
p    19  14 1    28  12 1
p    25   1 1     1  20 2
p    21  19 2     0  20 1
p    26  24 0    18  13 0
p     3   3 0     7  15 1
p     8   6 1    15   2 0
p    12  29 1     7  27 2
p     4  27 1     8  25 1
p    17  22 1    22  23 2
p     1   9 1    21  19 2
p    10  20 1    26   9 1
p     7  29 2     9  27 1
p     9  12 2    31  26 2
p     9   6 0    30   5 0
p    25  27 0    16  11 2
p    18  15 2    31  20 2
p    25   8 1     6  19 2
p    13  10 1    23   1 2
p    21  18 0     2   4 1
p    17   5 2    10   4 0
p    24  15 1     8  19 0
p     0  22 1     9  16 1
p    25  31 1     1  20 0
p    12   2 2     0  21 1
p    16   8 1    13  14 1
p    26  20 2    16  16 1
p    22  23 1    12   8 2
p     1  30 2    28  28 2
p    19  26 0    14   0 1
p    13   5 2     5   5 2
p    29  29 2     6  19 1
p     1   7 1    27  24 2
p    14  30 1     8  10 1
p     4  20 1    26   3 0
p    10   6 0    11  11 1
p    23  16 2     2  21 1
p    29  18 2    14   2 0
p    14  20 1     5  27 2
p    11   8 0    31  18 1
p    10  25 0    21  21 2
p    26  14 2    16   4 1
p    23  29 1     8  16 2
p     9   4 0     9   6 0
p     1  13 2     0   5 0
p    13  27 0    12  11 0
p     2   6 0    12  24 0
p    31  16 2    18  18 2
p    25   6 0     5   7 0
p     7  12 1     0  19 2
p    28  20 1     9  12 1
p    25  11 1    11  19 0
p     3  21 2     9  23 2
p     2  21 1     6   6 2
p    21  12 1     5  31 1
p     2  13 2    10  23 0
p    24  19 1     6  15 2
p     1   8 0     9  21 2
p    18  20 1    15  23 2
p    11  15 0     9  24 2
p    14  14 0    22  28 0
p    20   6 0    21   9 0
p    23  27 1    24  22 1
p    14  17 0     0  20 2
p    11  13 2     1   7 2
p    20   1 1    19   3 2
p     5  19 0     8   4 2
p    31  28 0    20  29 1
p     1  14 0    20   1 1
p     1   1 0    27  24 0
p     0   8 2    17   2 2
p    20  27 2    27  21 2
p    19   6 1     9   7 0
p     2   9 2    16  16 0
p    30   3 2     5   1 2
p     0   8 1    18  23 0
p    24   1 0     7  26 0
p    23  30 2     2   8 0
p    24  13 0    28  18 2
p    21   3 0     3  11 2
p    29   1 1    30  25 0
p    28   4 1     6  13 1
p     2   5 1    26   2 2
p    16  24 0    11  14 1
p    30  16 2    30  28 1
p    27  10 2    22  19 2
p    25  26 1    28  23 0
p    13   7 2    11  12 1
p    17   9 2    21  25 0
p    12   6 0    10  27 1
p     2  27 2    17   1 0
p    11  13 0    24  30 1
p     5  14 0    14  13 2
p    11   3 2    22  22 0
p     6  22 0    19   3 1
p    20  17 1     7  14 0
p     2   6 1    25  19 1
p     0  22 2     0  19 1
p    13  23 1    17  22 1
p    15  17 1     0   0 1
p    22  30 1    21  29 0
p     4  15 1     9  12 2
p    17  18 2    19  14 0
p     6  16 0    16  28 1
p    26  24 2    10  19 1
p     3   5 2    23   1 1
p    15  13 2    31   1 2
p    23  12 0    18  17 2
p    31  24 2    22  25 1
p    22  13 2    29  31 0
p     6  19 1    12  24 2
p    27  25 1     3  13 2
p    11  26 1    26  24 2
p     0  29 1     2   0 2
p    13  18 2    29  20 2
p    20  13 0     6   9 0
p    29   6 0    22  31 1
p     9  26 0    20  15 2
p    15  19 0    26  23 0
p    30  31 1    26  31 0
p     5  10 2     9  14 2
p     5  14 0    13  30 1
p     1  28 2    10   1 1
p    20  14 0     2  23 1
p    20   9 1    10  20 1
p     3  21 2    13   1 1
p    20  11 2    30  15 1
p    13  21 0     9  25 0
p    17   6 0    12  17 0
p    10  14 2     4  18 1
p    31  19 1    15  19 1
p    21   9 0    31  30 2
p    31  31 0    11  29 2
p     4  25 0     6  19 0
p    12   5 2    19  29 0
p    31   9 0    11  30 0
p    15   8 2    11  29 0
p    20  31 1    17  24 0
p    15  27 2    16  25 1
p    21  25 0     2   1 2
p     7  16 1    12  11 2
p     3  23 1    18  15 2
p    17  13 1    13  17 0
p    31  27 1    17  20 1
p     5  20 2    18  16 1
p    31   3 2     0  24 1
p    17   1 2     5  26 2
p    28  20 0    18  21 2
p    21   5 0    25  11 1
p    11  29 2    25  15 2
p    18  28 2    19  18 2
p     0  17 0    26  29 1
p     9  28 0    25   1 2
p    24  25 1     5  26 0
p    26  20 2    17   0 2
p    18  14 1    18  25 0
p    13   6 1    24   1 2
p     5   5 0    23  21 2
p     6  28 0     5  13 1
p    24  21 0     3  16 0
p    17  22 1     0  29 0
p    14  16 2     9  21 2
p    18   7 0     4  23 1
p    10  29 0     4  19 1
p    12  18 1     0   3 0
p     1   6 2     2   6 1
p    12  21 0    22   2 1
p    13  19 0     1   3 1
p    14  22 1     0   7 2
p    26  24 0    23   8 0
p    12  22 0    31  10 1
p     3   2 2    19   3 1
p    20  25 1    14  28 1
p    24  17 2    25  26 0
p    22  22 1     9   6 2
p    21  29 1     9  25 2
p    26  17 1    26  22 0
p    24  26 1     7  14 1
p    26  15 2    13   5 1
p    25  19 2    22  22 2
p    23  17 2    29  29 0
p    15  20 0    13  19 2
p     1  10 0     5  10 2
p    15   2 2    31  29 1
p    12  26 1     5  21 1
p    22   6 0     9   9 2
p    11  21 0     0  14 2
p     1   2 2     9   2 0
p     2   7 1     1  26 2
p    10  26 1     0  26 2
p    23  23 1    27   0 1
p    26   5 0     1   0 2
p    24  17 2     4  31 2
p    26   8 0    19  23 2
p     4   7 1    26   9 1
p    22   2 1     8   1 1
p     9  28 1     7   9 1
p    31   8 1     3   2 0
p    20  21 2    26   8 1
p    30  16 1    22  29 1
p    24  14 1    23  19 0
p    18   3 2     1   2 2
p    25  29 1    30  16 0
p     9  15 2     1  17 1
p    27  11 1    21   7 1
p    14   7 0    18  21 0
p    12  30 1    18  14 1
p     7  11 2    14  31 2
p     8   4 2     1   6 0
p     7  14 2    15  10 0
p    16   0 0    17  27 1
p    10   9 2    16  28 2
p     8  12 0     1  29 1
p    26   7 1    17   4 2
p    30  29 0    18  30 2
p    15  28 2    28  21 2
p    21   3 0     7   4 1
p     9   9 1     4  15 2
p    16  24 1    31  11 0
p    21  22 1    13   6 1
p     8  16 0    15  27 1
p    19   5 0     8   5 2
p     8  30 2    27   3 1
p    10   6 2    25   5 1
p    26  12 2    17  23 2
p     3  24 1    27   4 0
p    17  20 1    21  29 1
p     2  11 0     4  21 0
p     4  29 0    10  16 2
p    24  18 2    16   6 1
p    11  12 1    26  17 2
p    30   3 2    25  19 2
p    10   3 0    26  15 0
p    14  16 1     0   5 1
p    10  24 0    25  18 0
p     9  12 0    24  29 1
p    18  25 0    23  21 0
p    18  25 0     2   3 0
p    12  26 1    24   7 2
p    31  13 2     1   2 0
p    27  26 2    28   9 2
p    28  19 2    26  20 2
p    28   6 0    19  28 2
p    26   4 0    29  23 2
p    27  21 0    28  10 2
p    20   6 2    25  28 1
p     4   2 0    16  15 1
p    14  22 1    20  27 0
p    27   7 2    14  13 2
p    17   1 2     8  12 0
p    31  20 2    19  27 2
p    30  24 2    21  23 2
p    30  31 0    18  30 1
p     6   4 1    16  13 1
p     2  20 1    16   1 2
p     9  22 2     5  11 1
p     5  21 2    20  23 0
p    13  15 2    14  17 1
p     5   0 2    29   0 0
p    28  18 0    16  25 0
p    13  23 1     0   9 1
p    22  13 0    22  31 2
p    15   4 1     6   7 1
p     7  22 1    13  25 1
p    23  19 2    28   6 2
p     0   6 2     9   6 1
p    28  17 0     9   4 0
p     1  20 1     3   1 0
p    27  30 0    14   6 2
p    16   0 0     0  14 2
p    28  19 2    29  16 1
p    10   5 1    15   0 0
p     6   8 1    28  29 0
p    21  17 2     9  14 1
p    13  13 0    23  26 1
p    18  28 2     0  21 0
p    13   6 0    13   1 2
p    15  27 0    30  30 1
p     4   4 0     1  27 1
p    14  13 2    12  11 2
p    12  21 1    18  12 0
p    30  18 1     9  20 1
p    18  17 0    20   2 0
p     9  13 0     6  27 2
p     0  19 1     3  23 1
p    12  11 1    26  26 0
p    28   1 1    22  30 1
p    13  20 1    30  11 0
p    10   8 2    28  23 0
p     9   4 1     7   3 2
p     8  20 0     9   4 0
p     0  11 2    20  30 1
p     1   4 1     7   2 0
p    14  13 2    30  17 0
p     3  12 0    17  22 0
p    16  31 0    29  13 2
p    11  29 2    26  10 0
p     3  24 1    14   3 0
p    26  17 0     6  11 0
p     4   0 2    14  21 1
p    22  28 0    21   0 0
p     0  14 2    28  21 2
p    15   2 1    22   7 0
p    31  14 1    31  22 1
p    17  15 1    18   9 0
p    30  28 2    14  28 1
p    20  29 0    24  29 1
p    17  10 2    10   7 1
p     3   5 0    22  10 0
p    22   9 2    29  18 2
p    29  12 2     0  20 2
p    18   9 1    12   9 1
p     7  15 0     0   0 1
p     9   1 2     3   9 2
p    23  13 2     8  13 2
p     9  25 1    22   5 1
p     4  18 0    30  29 0
p    10   0 2    18  10 2
p     8  20 1     3   8 2
p     7  10 0     1   1 0
p     3  21 2    15   9 1
p    22  20 0    24  28 1
p    22  18 0    12  30 0
