# Dimensions (x, y, z)
d  64 64 4

# Paths: Sources (x, y, z) -> Destinations (x, y, z)
p    54  48 1    16  32 1
p    50  19 1    37  58 2
p    18  48 2    16  58 3
p    51  57 1    46  57 2
p    30   6 1    39  58 3
p    30  55 1    51  35 0
p    46  25 3    42   0 1
p    55  15 1    55  12 2
p    15  61 3    28   5 1
p    32  59 0    35  45 2
p    52  34 3    38  37 1
p    38  24 2    18  12 0
p    39  42 1     5  48 3
p    59  53 3    59  34 1
p    45  17 3    54  57 2
p    60  37 1    42  63 3
p    50   5 2    31  40 3
p    15  46 0    14  50 1
p    52   6 0    44   2 2
p    58  34 2     1  40 2
p    36  25 1    62   2 0
p    61  11 0    13  51 3
p     1  27 0    16  14 2
p    22  11 2     2   6 3
p    12  22 2    53  58 0
p    43  61 0    43  54 1
p    16  38 1    11  30 1
p    36  32 1    22  53 1
p    35   0 2    21   2 1
p    15  61 1    18  22 3
p    40  39 2    24  26 2
p     0  12 1    15  40 1
p    56  36 1    25  44 1
p    42   2 1    16  10 2
p    31  35 3    56  31 1
p    29  51 3    51  12 3
p    40   5 2    63  25 2
p    20  13 2     0  52 2
p     6   7 2    55  17 3
p     6  54 1     5  17 1
p    50  55 0    33  41 1
p    55  17 0     2  43 2
p    60  60 3     2  47 2
p    41  45 3    40  23 2
p    13  37 0     9  21 3
p    45  21 2     2  10 3
p    18  25 2    18  30 0
p     3  11 2     4  25 1
p    26   6 3    30  53 3
p    21  30 2    27  19 2
p    57  58 2    24  62 2
p     4   5 2     3   0 1
p    33  28 1    37  43 1
p    23  63 1    49  27 1
p     4  55 2    57  28 2
p     7  25 0     2  60 0
p     9  12 1    34   9 3
p    62   9 1    43  56 1
p    58  20 1    31  42 0
p    39  14 1    61  57 3
p     2   9 1    50  53 2
p    45  51 0     5  55 0
p    14   2 0    54  21 0
p     9  41 3    32  57 2
p    36  43 3    48  63 2
p    57  13 2    38  52 1
p    50  24 2    54  51 2
p     0  11 2    16   4 3
p    60  19 1    51   3 2
p     8  18 3     3   2 1
p    31  55 2    43   9 3
p    26  39 1     3  30 0
p     2  39 2     6  35 1
p    24  49 1    56  39 1
p    40  21 0    43  39 3
p     8  58 3    58  55 2
p    51  33 3    12  50 1
p    48  29 3     4   2 3
p    31  57 3    42  36 0
p     5  52 3    49  44 1
p    19   7 1    36  59 3
p    26   6 3    46   1 1
p    43   1 3    61  46 0
p     4  22 0    22   0 3
p    52   4 3    13  13 2
p    60   7 0    23   1 2
p    54  11 0    22  61 0
p    61  23 1    18  59 3
p    40  11 3     6  37 0
p    57  60 3    20  15 3
p    18  26 0     8   1 0
p     4  26 2    47   9 1
p    40   5 1    23  60 0
p    26  26 2    20  13 1
p    30  60 3    17  35 2
p    50  28 1    49  27 0
p    29  59 0    29  40 1
p    13   0 2    39   0 1
p    49  40 2     9  45 1
p    43  48 0    48  17 3
p     7  56 0    16  33 2
p    25   6 1    18  48 3
p    38   2 3    19  21 2
p    15  58 0    26  18 2
p    36  40 2    26  40 1
p    49  50 1    23  40 0
p    44  24 2     8  42 1
p    30  26 1    44  20 2
p     3  19 2     3  39 0
p    30  56 0    33   4 3
p    43  47 2     0   2 2
p    63  55 2    46  14 3
p    18   6 1    21  10 1
p    57  27 1    45  33 0
p    58  28 3    24  51 1
p    14  12 3    37   3 1
p    14   5 0     3  40 0
p    39  39 2    32  18 3
p    22  29 2    33  61 3
p    59  59 2    31  45 0
p    17   2 0     0  41 0
p    50  43 3    25  58 1
p    21   6 3    50  20 1
p    20   1 0    23  13 2
p    12  12 2    47  19 3
p    16  22 2     2  59 0
p    29  46 0    51  62 1
p     7   5 0    48  26 3
