# Dimensions (x, y, z)
d  64 64 4

# Paths: Sources (x, y, z) -> Destinations (x, y, z)
p    54  48 1    16  32 1
p    50  19 1    37  58 2
p    18  48 2    16  58 3
p    51  57 1    46  57 2
p    30   6 1    39  58 3
p    30  55 1    51  35 0
p    46  25 3    42   0 1
p    55  15 1    55  12 2
p    15  61 3    28   5 1
p    32  59 0    35  45 2
p    52  34 3    38  37 1
p    38  24 2    18  12 0
p    39  42 1     5  48 3
p    59  53 3    59  34 1
p    45  17 3    54  57 2
p    60  37 1    42  63 3
p    50   5 2    31  40 3
p    15  46 0    14  50 1
p    52   6 0    44   2 2
p    58  34 2     1  40 2
p    36  25 1    62   2 0
p    61  11 0    13  51 3
p     1  27 0    16  14 2
p    22  11 2     2   6 3
p    12  22 2    53  58 0
p    43  61 0    43  54 1
p    16  38 1    11  30 1
p    36  32 1    22  53 1
p    35   0 2    21   2 1
p    15  61 1    18  22 3
p    40  39 2    24  26 2
p     0  12 1    15  40 1
p    56  36 1    25  44 1
p    42   2 1    16  10 2
p    31  35 3    56  31 1
p    29  51 3    51  12 3
p    40   5 2    63  25 2
p    20  13 2     0  52 2
p     6   7 2    55  17 3
p     6  54 1     5  17 1
p    50  55 0    33  41 1
p    55  17 0     2  43 2
p    60  60 3     2  47 2
p    41  45 3    40  23 2
p    13  37 0     9  21 3
p    45  21 2     2  10 3
p    18  25 2    18  30 0
p     3  11 2     4  25 1
p    26   6 3    30  53 3
p    21  30 2    27  19 2
p    57  58 2    24  62 2
p     4   5 2     3   0 1
p    33  28 1    37  43 1
p    23  63 1    49  27 1
p     4  55 2    57  28 2
p     7  25 0     2  60 0
p     9  12 1    34   9 3
p    62   9 1    43  56 1
p    58  20 1    31  42 0
p    39  14 1    61  57 3
p     2   9 1    50  53 2
p    45  51 0     5  55 0
p    14   2 0    54  21 0
p     9  41 3    32  57 2
p    36  43 3    48  63 2
p    57  13 2    38  52 1
p    50  24 2    54  51 2
p     0  11 2    16   4 3
p    60  19 1    51   3 2
p     8  18 3     3   2 1
p    31  55 2    43   9 3
p    26  39 1     3  30 0
p     2  39 2     6  35 1
p    24  49 1    56  39 1
p    40  21 0    43  39 3
p     8  58 3    58  55 2
p    51  33 3    12  50 1
p    48  29 3     4   2 3
p    31  57 3    42  36 0
p     5  52 3    49  44 1
p    19   7 1    36  59 3
p    26   6 3    46   1 1
p    43   1 3    61  46 0
p     4  22 0    22   0 3
p    52   4 3    13  13 2
p    60   7 0    23   1 2
p    54  11 0    22  61 0
p    61  23 1    18  59 3
p    40  11 3     6  37 0
p    57  60 3    20  15 3
p    18  26 0     8   1 0
p     4  26 2    47   9 1
p    40   5 1    23  60 0
p    26  26 2    20  13 1
p    30  60 3    17  35 2
p    50  28 1    49  27 0
p    29  59 0    29  40 1
p    13   0 2    39   0 1
p    49  40 2     9  45 1
p    43  48 0    48  17 3
p     7  56 0    16  33 2
p    25   6 1    18  48 3
p    38   2 3    19  21 2
p    15  58 0    26  18 2
p    36  40 2    26  40 1
p    49  50 1    23  40 0
p    44  24 2     8  42 1
p    30  26 1    44  20 2
p     3  19 2     3  39 0
p    30  56 0    33   4 3
p    43  47 2     0   2 2
p    63  55 2    46  14 3
p    18   6 1    21  10 1
p    57  27 1    45  33 0
p    58  28 3    24  51 1
p    14  12 3    37   3 1
p    14   5 0     3  40 0
p    39  39 2    32  18 3
p    22  29 2    33  61 3
p    59  59 2    31  45 0
p    17   2 0     0  41 0
p    50  43 3    25  58 1
p    21   6 3    50  20 1
p    20   1 0    23  13 2
p    12  12 2    47  19 3
p    16  22 2     2  59 0
p    29  46 0    51  62 1
p     7   5 0    48  26 3
p    28   4 1    48  53 0
p    11  31 0    55  59 1
p    27  35 1    34  12 1
p    28  38 2    16  14 0
p    50   6 2    15  18 2
p    42  47 2    54   7 2
p     7  47 1    43  45 2
p    14  53 0    33  43 0
p    40  18 0    51  35 1
p    37   1 0    25  62 2
p     4  48 3    49  36 2
p    13  46 3    48  22 2
p    40  57 0    53  33 1
p    29   0 0    41  42 1
p    61  30 1    54  16 2
p    45  52 3    24   3 0
p    46  61 1    28  46 2
p    16  42 1    22  34 2
p     9   1 2     1   2 0
p    41   4 0    62  27 3
p    13  27 1    11  21 3
p    47  24 1    16  34 2
p    43  29 0    58  26 1
p     0   8 3    32  46 0
p    21  53 3    15   1 3
p    10  50 2    10   5 3
p    38  39 1     9  38 1
p    51  46 0    59   2 0
p    18   9 0    22  47 1
p    17  31 1    19  57 2
p    62  49 2    16  43 1
p    46  25 1     1  47 0
p    43  37 3    18  43 0
p    33  21 3    62  13 2
p    21  61 3    37  46 2
p    22  58 3    21  47 0
p    52  36 3    23  40 1
p    50  38 3     0   9 0
p     8  59 3    30  60 3
p    49  47 0    35  27 3
p    11  10 2    10   7 2
p    50  38 3    17  18 1
p    63  45 3    34  35 3
p    12  50 3    54  48 0
p    42  59 2    23  60 2
p    26  39 3    14   1 2
p    60  43 2    40  31 2
p    15  57 1    60  59 0
p    28  47 1    32  51 2
p    61  10 3    59  40 3
p    16  56 3    39   5 0
p     0  16 3    24  49 2
p    24  56 0    29  53 0
p    45  20 0    30  33 0
p    36  22 0    12   7 2
p     2  59 3    60  20 3
p    62  48 1    42  38 1
p    19   3 0     8  30 2
p    48   2 3     2  35 2
p    40  60 1    37   5 2
p    52  12 1    44  16 1
p    59  63 0    57  35 0
p    37  41 0    48  52 0
p    41  29 0    29  10 1
p    41  30 2    34  52 1
p    52   5 1    22  28 3
p    32  63 3     7  20 0
p    46   1 3    12  26 0
p    19  24 0    49  45 1
p    53   4 0    22  57 3
p    43  36 3    26   1 3
p    12  24 1     7  22 0
p    39  41 0    29  35 3
p    31   5 0    55  50 3
p    16  41 0    52  21 3
p    30   2 3    40  18 0
p    24  10 2     9  11 3
p    40  15 3    39  60 1
p    56  43 0    15  18 0
p    15  14 3    29  56 0
p    36   0 3     0  24 3
p    63   1 3    32   2 3
p     7  39 3    43  24 0
p    27  58 1    15   8 2
p    34   4 1    42  61 1
p    27  30 0    25  41 1
p    37  53 3    56  23 0
p    39  30 0     2  20 3
p    61   6 3     3  45 0
p    26  55 1    59  45 2
p    10  21 1    37  63 1
p    32  59 1    40  49 2
p    48  12 3    11  37 1
p    40  18 1    43  17 2
p    22   8 2    10  27 1
p     4  45 2    49  34 2
p    10  13 0    33  52 1
p    56  47 2    21   7 3
p    54  26 3    57  21 2
p    21  44 3    63  47 1
p    56  63 1    60  32 3
p    63  52 2     9   0 2
p    45  59 2    44  41 0
p    41  62 0    44  39 1
p    50   0 3    52  30 0
p    28  37 1    31  49 3
p    35  52 0    54  58 0
p    52  54 3    33  38 0
p    45  25 0     8  24 3
p    36  58 3     5  37 1
p    32  29 1     6  53 1
p    41  30 0    34  10 3
p    53   9 0     4  25 3
p    35  16 0     7   9 3
p     8  55 3     8  35 0
p    55  35 3    31  44 3
p    35  55 1     6   0 0
p    53  19 0    31  60 2
p    21   4 2    14  23 1
p    48  14 3    47  30 3
p    22  24 0    49  25 2
p    30  41 1    58  27 1
p    25  49 3    55  30 1
p    28  22 0    11  61 1
p     7  24 1    32  62 3
p    36  39 2    32  31 1
p    43   5 1    57  14 3
p    62  36 0     5  12 1
p     7  51 1    14   2 1
p     0   7 2    59  12 2
p    12   0 3    54   4 0
p    14  59 1    51  27 1
p    48  39 1    37  45 3
p    43  41 2     5  60 2
p    17  44 2    42  24 2
p    42  12 2     7   6 3
p     7  57 1    29  21 1
p    24  36 1    52  14 0
p    30  59 0    46   0 1
p    48  28 1    16  30 0
p    18  41 2    59  62 2
p     5  19 2    43  60 0
p     2  55 3    49  29 2
p    26  12 1    50  51 3
p    56  43 2    46  11 3
p    45  38 1    40  39 3
p    36  13 1    15  57 3
p    35  12 0     8  28 2
p    14  43 3    48  27 2
p    63  56 1    43  10 2
p    22  28 1    42  54 1
p     9  48 3    61  25 1
p    34  57 2     1  13 3
p    37  55 1    13   0 3
p     8  41 1    24  34 0
p    62  31 0    26  48 1
p    47  49 0    61   1 3
p    32   9 1    37  17 3
p    14  24 2    21  52 1
p     5   9 2    36   4 3
p    30  20 2     1  27 2
p    61  48 3     7  27 0
p    17  24 1    23  51 0
p    52  34 1    35  10 1
p     1  55 1    22  63 2
p    26  50 0    36  33 3
p    37  31 2    50  22 2
p    45  63 2    61  25 2
p    47  22 1    62  22 3
p    54  13 3    62  17 2
p    49   5 3    19  45 3
p     2  39 1     7  45 3
p    32  22 1    26  34 1
p     5  62 3    11  15 1
p    44   2 3    40  17 3
p    42  20 2    62   3 2
p    54  44 0    38  50 1
p    37  16 1    51  31 1
p     7  23 2    14  51 1
p    15  19 3    57  61 0
p    48  33 0    15  18 1
p    30  59 0    45  54 1
p    15  14 1     9  35 1
p     1  14 3    26  56 3
p    15  35 3    37  10 0
p    63  19 3    50  47 2
p    50  54 0    10  32 0
p    34  31 0     5   0 3
p     5  61 3    47  28 1
p    26  22 1    46  57 0
p    15  13 0    54  32 0
p    28  28 3    48   8 2
p    32   0 0    42  23 3
p    32  44 0    30  46 3
p    12  25 1    28  30 1
p    51  58 1    40  24 2
p    44  32 2    48  53 0
p    13  32 2    51  33 3
p    49  32 3    30  21 1
p    29  41 0    46  61 1
p     4  12 0    16  50 0
p    55  60 0    11  61 1
p    51   0 3     1  38 3
p    53  19 3    25  31 1
p    22  37 3    44  49 0
p    34  22 0    58  12 0
p    11  42 2    32  37 3
p    55  57 0    57   2 2
p    59  32 1    21  58 3
p    39  45 1     8  62 2
p    17  62 2    21  57 0
p    51  10 0    16  45 2
p    26  10 3    49  43 3
p    49   7 3    53  47 1
p    43   6 3    16  50 2
p    32  34 0     2   0 3
p     8   7 1    62  56 1
p    52   5 1    37  63 0
p    26  58 0    38  25 2
p    45  26 3    61  63 0
p    53  56 0    60   8 0
p    61  53 2    18  16 1
p     0  40 0    49   4 0
p    18  49 3    32  60 0
p    21  47 1     9  37 0
p    23  16 1    31  34 0
p    20  24 1    30  27 0
p    14  41 3    32   9 0
p     9  24 2    42  33 2
p    22  42 2    25  52 2
p    57  29 1    49   2 1
p    62  21 2    15   4 0
p    27  39 2    33   7 0
p    22  60 0    17  30 3
p    60   0 2    15  41 2
p    56  43 3    50  10 0
p    47  33 3    10  24 1
p    56  30 3    45  63 2
p    62  11 1    37  62 2
p    55  40 2    25  23 1
p    13  61 2    55  56 3
p    15  21 2    20   9 3
p    35  34 2     7  59 1
p    44  38 2    45   5 1
p    13  24 2    22  26 2
p     2  61 2    10  35 0
p    32  44 1    20  43 3
p    55  24 3     7   3 3
p    48  39 2    19  57 3
p    30  14 2    46  63 3
p     5  63 3    37  21 2
p    38   6 2     1  50 3
p    46   5 2    25   8 3
p    60  59 2    55  12 1
p    58  37 0     8  14 1
p    19  47 1     5  57 2
p    62  11 3     1  34 1
p     8  52 1    57  44 3
p    55  50 2     0   9 0
p    36   0 0    31   2 1
p    14  11 1    56  14 2
p    46  43 0    22  17 2
p    62  13 2     4  24 3
p    58   6 3    45  58 1
p    27  57 2    48  11 0
p    28  20 2    22  55 2
p    24   8 2    34   9 0
p    39  33 2    26  29 1
p     5  34 0    43  47 0
p    12  15 2    26  56 2
p    33  13 0    59   6 0
p    12  36 2    27  25 2
p    16  51 2    38   1 1
p    49  13 2    62  28 2
p    13   0 0    30  38 3
p    18  21 2    42  45 3
p     5   7 1    39  41 0
p     8  58 0     1  18 2
p    40  47 0    32  20 2
p    23  51 0    63  33 1
p    46  24 0    28  18 2
p    33  53 1     9   9 2
p    16  13 3     8  58 2
p    59  53 1    30   5 1
p    59   6 0     2  55 2
p    37  29 1    37  44 3
p    10  40 2    37  46 2
p    61  41 2     0   9 2
p    49   9 2     9  48 3
p    39   4 1    17  29 3
p    37  63 2     9  62 0
p    21  40 1     1  18 0
p    49  37 0    55  13 1
p    55  48 1    33  62 2
p    45  41 3    59  19 1
p    40  15 2    57  19 1
p    28  24 2     3  49 1
p    39  27 2    36  33 0
p     0   6 1    16  31 1
p    32   8 1    60  11 0
p    21  45 3     6   1 1
p    39  58 1    49   8 2
p    15  48 3    28  43 1
p    54  26 2    63  35 1
p     6  60 2    44  41 0
p    40   6 0    53  38 1
p    33  35 2     0   9 0
p    48  28 0    23  42 1
p    34  60 1     6   6 2
p    19   7 3    56   6 2
p    47  15 3    43  28 0
p    16  53 0    45  36 2
p     1   7 1    40  24 1
p    24  29 2    35  23 1
p    51  37 3    38  18 2
p    30  54 2    56  45 1
p    17  10 3    57  20 0
p    30  50 2    43   1 0
p    46  52 0    52  60 2
p    35   2 1    29  61 1
p     0  36 0    63  42 2
p    44  60 1    17   5 0
p    30  47 2     0  39 3
p    55  49 1    45  44 0
p     2  22 2    24  41 3
p    49  18 3    35  40 2
p    43   9 2    27  61 2
p    62  63 3    37  38 1
p    23  26 3    41  10 0
p    28  28 0    14  21 1
p    39   9 3    31   4 0
p    60   2 2    11  41 3
p    58  27 1    18  28 3
p     2  30 3     6   7 3
p    18  51 1     2  52 1
p    29   3 2    53  14 3
p    40  35 0    56  27 0
p    59  23 1     3   2 0
p    55  55 1     5   8 3
p    35  50 0     4  49 0
p    52  59 1     7  45 1
p    32  56 2     8  23 3
p    32   5 2     2  56 0
p    46  63 3    33  20 2
p    34  58 0    44   9 1
p    49  23 1    22  23 0
p     9  47 2    41   8 0
p    31  30 0    61  52 3
p    11  42 3    20  63 0
p    50   9 1    12   7 2
p    15  51 3    61  49 3
p    35   2 1    25  61 1
p    17  51 3     2  62 2
p    63  41 0    43  14 3
p    59  55 2    16  59 3
p    40  10 0    36  37 1
p    52  43 1     1  38 1
p    56  14 2    12  61 2
p    48  57 1    34  28 2
p    21  52 1    49   1 1
p    30  57 2    46  40 3
p    46  40 3    48   0 3
p    12  47 1    25   9 1
p    63  52 2    41  13 0
p    59  58 0    58  47 0
p     9  11 1    57  26 2
p    27  29 1    20  16 1
p    38   1 3    32  32 1
p    46  48 2    61  26 0
p    51  45 0    31  51 3
p    22  30 1    47  45 1
p    11  37 0    22  19 0
p     6  50 1     8  59 1
p    28  44 0    50  54 1
p    45  46 3    49  23 2
p    25  34 3     6  57 2
p     9  59 0     1  30 2
p     3  40 2    36   5 1
p     8  29 1    21  56 2
p     7  42 3    23  49 2
p    30  25 0    26  17 1
p    42  56 0    51  48 2
p    12   4 0    20  18 3
p    21  10 3    45  51 1
